N <- 500
M <- 3
X <- 
structure(c(-0.318816202421763, 0.101643770926634, -0.0324056810466571,
-0.139291433607723, 0.0194021034764948, -0.00270254680824635,
-0.415834172517871, 0.172918059033622, -0.0719052379916427,
-0.449370296041409, 0.201933662964344, -0.0907429899070133,
0.289474862113054, 0.0837956957953717, 0.0242567474860326,
-0.146592554918937, 0.0214893771576616, -0.00315018270115827,
-0.415278459765924, 0.172456199145558, -0.0716173447582528,
-0.326470544597351, 0.106583016489691, -0.034796215438218,
-0.482306186798183, 0.232619257823804, -0.112193707216822,
-0.833699116342759, 0.695054216590697, -0.579466086181972, 0.821591435306176,
0.675012486568463, 0.554584477689374, 0.0931328572376751,
0.00867372909725316, 0.000807809173732747, 0.782258950767233,
0.611929066055452, 0.478686989156511, 0.604970954371384, 0.365989855633024,
0.221413232252555, -0.370931282592979, 0.137590016406073,
-0.0510364412574936, 0.0126443026063079, 0.000159878388399884,
2.02155072313696e-06, -0.899601864333153, 0.809283514311684,
-0.728032958248877, 0.548909019309178, 0.301301111478963, 0.165386897618683,
0.401136692845149, 0.160910646346743, 0.0645471645191079, -0.673622372528316,
0.453767100770678, -0.30566767099644, -0.963342181801529, 0.928028159238131,
-0.894008671693718, -0.0466491859461321, 0.00217614654943681,
-0.000101515465030711, -0.451853967671954, 0.204172008100887,
-0.0922559319479361, 0.0184978607999235, 0.000342170854173348,
6.32942883028954e-06, 0.340609202763248, 0.116014629007015,
0.0395156502949535, -0.0860484770499957, 0.00740434040262364,
-0.000637132215205517, -0.63268488105894, 0.400290158720566,
-0.253257531459186, 0.885787324131331, 0.784619183591744, 0.695005727095841,
0.364423081902966, 0.132804182623656, 0.0483969095213171, 0.160054123850844,
0.0256173225616614, 0.00410015811801117, 0.512124781516721,
0.262271791843549, 0.134315884095877, -0.171422434385088, 0.0293856510105098,
-0.00503735983221221, -0.512413725288389, 0.262567825863925,
-0.134543357791807, -0.200979749338822, 0.0403928596442956,
-0.00811814680638873, -0.125320350182033, 0.0157051901697474,
-0.00196817993174818, -0.554908715990442, 0.307923683082161,
-0.170869535602169, 0.603875053084108, 0.364665079737335, 0.220212144384304,
0.147704221635388, 0.0218165370889158, 0.00322239462949788,
0.492083958498771, 0.24214662221182, 0.119156468395099, 0.594200705690896,
0.353074478643559, 0.209797104371448, -0.0194900108855874,
0.000379860524320317, -7.40348575400793e-06, -0.358100694975192,
0.128236107741715, -0.0459214393032218, 0.495276104004003, 0.245298419197384,
0.121490445378421, 0.144188351184222, 0.0207902806172245,
0.00299771628285489, 0.131409478048429, 0.0172684509209604,
0.00226923812222831, 0.998390952992077, 0.996784495016428, 0.995180621907177,
-0.651123548856296, 0.423961875875218, -0.276051561199644, 0.117948656968579,
0.0139118856806915, 0.00164088823193797, 0.464829563151739,
0.216066522779836, 0.100434107395467, -0.36187681049174, 0.130954825971674,
-0.0473895147411304, -0.0988585532185787, 0.00977301354447056,
-0.000966145979591934, 0.706532853078947, 0.499188672479877, 0.3526931969919,
-0.532112258375461, 0.283143455513434, -0.150664103557485,
-0.451827041272598, 0.20414767522515, -0.0922394400796588, 0.39035638494913,
0.152378107270553, 0.0594817670995238, -0.980242709769343, 0.960875770055944,
-0.941891468591342, 0.364918662879153, 0.133165630517509, 0.0485946238299086,
0.70887023162229, 0.502497005280239, 0.35620516852251, 0.0277936218261028,
0.000772485414212417, 2.14701674688003e-05, -0.164530226099118,
0.027070195300227, -0.00445386535329364, -0.898990318790622,
0.808183593279264, -0.726549226163476, -0.183453935094661,
0.0336553463017162, -0.00617420571602339, 0.109528939900682,
0.0119965886757672, 0.0013139736400813, -0.214084767928016,
0.0458322878587926, -0.00981199470985966, 0.860653662130337,
0.74072472613836, 0.63750744818147, -0.0471409382550608, 0.00222226805956746,
-0.000104759801382263, -0.004186685364719, 1.75283343431523e-05,
-7.3385620862377e-08, 0.892703213157354, 0.796919026781464,
0.711412175834045, -0.884682666548858, 0.782663420491998, -0.692408761851111,
0.253242781282812, 0.0641319062718541, 0.016240942313253, -0.803253584112883,
0.645216320390192, -0.518272321881548, 0.0665080220064567,
0.00442331699121132, 0.000294186063793016, 0.835678248604913,
0.698358135191375, 0.583602703315721, 0.602952325648582, 0.363551507005033,
0.219204226641731, -0.31540417630447, 0.0994797944303014,
-0.0313763426212273, 0.594592262587945, 0.353539958729452, 0.210212123976194,
-0.631870615454797, 0.399260474675224, -0.252280961859808, 0.236159147838916,
0.055771143108003, 0.0131708656303882, -0.0747755563029544,
0.0055913838204163, -0.000418098835674968, -0.173887083751284,
0.0302367178955261, -0.0052577746970633, -0.703959521157909,
0.495559007428872, -0.348853481575117, -0.915272819210525, 0.837724333585582,
-0.766746312522134, 0.40140431864223, 0.161125427024633, 0.0646764422507614,
0.548716157297413, 0.301089421279239, 0.165212630247246, -0.212495944590611,
0.045154526467456, -0.00959515375424382, 0.67145165230373, 0.450847321381409,
0.302722178878258, 0.163461680550922, 0.0267197210085316,
0.00436765049990636, -0.10487899045441, 0.0109996026387362,
-0.00115362722015031, -0.600482830610836, 0.360579629858402,
-0.21652187679798, -0.513511423096984, 0.26369398165109, -0.135409871779761,
-0.379126879668288, 0.143737190887012, -0.054494632673278,
-0.258645911814435, 0.0668977076983203, -0.0173028186059276,
-0.220197698537727, 0.0484870264413117, -0.0106767316313147,
0.190563976945589, 0.0363146293093191, 0.00692026018248871,
-0.284246971106734, 0.0807963405833524, -0.022966115087326,
0.307296369423851, 0.0944310586610801, 0.0290183214874006,
-0.573737448706022, 0.329174660047695, -0.188859829634437, 0.19251136973313,
0.0370606274765257, 0.00713459215867522, -0.023902134064391,
0.000571312012832121, -1.36555763233104e-05, 0.51792308713374,
0.268244324186144, 0.138929928488591, -0.63762632703216, 0.406567332924523,
-0.259238035183925, 0.440271940950019, 0.193839381987897, 0.0853420409403635,
-0.886802079279432, 0.786417927814323, -0.697397053568364, 0.999652314917231,
0.999304750719378, 0.998957307364412, 0.509691890251591, 0.25978582298824,
0.132410727179441, -0.204046843362985, 0.0416351142863987,
-0.00849551364319679, -0.964212709535981, 0.929706149230718,
-0.896434485222014, 0.913936696294023, 0.835280284832833, 0.76339330399965,
0.838565846959438, 0.703192679686799, 0.589673365017237, -0.649445106206592,
0.421778945975691, -0.273922272364887, 0.164614275170875, 0.0270978595900327,
0.00446069451509539, 0.939653365318752, 0.882948446954855, 0.829665479584095,
0.504668148887093, 0.254689940501125, 0.128533900812866, -0.510390933553511,
0.260498905053625, -0.132956279339987, 0.38996970911389, 0.152076374026372,
0.0593051793421593, -0.537169957625035, 0.288551563374882,
-0.155001231070723, -0.244938217599265, 0.0599947304407047,
-0.0146950023394946, -0.561766737285973, 0.315581867120928,
-0.177283395839139, 0.80832876708185, 0.653395395692064, 0.528158294616724,
-0.24787760028498, 0.0614433047230401, -0.0152304189283259,
-0.869352156652271, 0.755773172275954, -0.657033037258029,
-0.123035849342627, 0.0151378202234616, -0.0018624945683896,
-0.508588880178818, 0.258662649041544, -0.131552947020126, 0.690740509612338,
0.477122451619513, 0.329567805379151, -0.186345811013942, 0.0347247612824439,
-0.00647081380344257, 0.794598828226095, 0.631387297818283,
0.501699607003248, 0.244613382516778, 0.0598357069062998, 0.0146366146616325,
-0.840640384841279, 0.706676256626093, -0.594060600328353, 0.261902594251383,
0.0685929688756044, 0.0179646764959251, -0.515111574111318, 0.26533993378344,
-0.136679670965781, 0.771481129502588, 0.595183133178588, 0.459172555845506,
-0.819999036621264, 0.672398420059801, -0.551366056674696,
-0.890147842724209, 0.792363181906563, -0.705320377028217,
0.0511600172146045, 0.00261734736139863, 0.000133903536065754,
