N_hand <- 2
y <-
c(1, 1, 0, 0, 0, 1, 0, 0, 0, 1, 0, 1, 0, 0, 1, 1, 0, 0, 1, 0, 0, 0, 1, 1, 0, 1, 0, 0, 1, 1, 0, 0, 1, 0, 0, 0, 0, 1, 0, 0, 1, 0, 0, 0, 0, 0, 0, 0, 1, 1, 1, 0, 1, 1, 0, 0, 1, 1, 1, 0, 0, 1, 1, 0, 0, 1, 0, 1, 0, 0, 1, 0, 1, 0, 0, 1, 1, 0, 1, 0, 0, 0, 0, 1, 0, 0, 0, 0, 0, 1, 0, 0, 0, 0, 0, 1, 0, 1, 0, 1, 1, 1, 0, 1, 0, 0, 1, 1, 0, 0, 0, 0, 0, 0, 1, 0, 0, 0, 0, 0, 0, 1, 0, 0, 0, 0, 1, 0, 0, 1, 1, 0, 0, 1, 0, 0, 0, 0, 1, 1, 0, 0, 1, 0, 1, 0, 1, 0, 0, 0, 1, 1, 0, 0, 0, 1, 0, 1, 0, 0, 0, 0, 1, 0, 0, 0, 0, 0, 0, 0, 0, 0, 0, 0, 0, 0, 0, 0, 0, 0, 0, 0, 0, 1, 0, 0, 1, 0, 1, 0, 0, 0, 0, 0, 1, 0, 1, 0, 0, 0, 1, 0, 1, 0, 0, 0, 1, 0, 0, 0, 1, 0, 0, 0, 0, 0, 1, 1, 0, 1, 0, 0, 0, 1, 0, 1, 1, 0, 1, 1, 0, 0, 0, 0, 0, 0, 0, 0, 1, 0, 0, 0, 1, 0, 1, 1, 0, 1, 1, 0, 0, 0, 0, 1, 0, 1, 0, 0, 0, 0, 0, 0, 1, 0, 0, 0, 1, 1, 0, 0, 1, 0, 0, 1, 0, 1, 0, 1, 0, 0, 1, 0, 1, 0, 0, 0, 0, 0, 1, 0, 1, 0, 1, 1, 0, 0, 0, 1, 0, 0, 0, 1, 0, 1, 1, 0, 0, 1, 1, 0, 0, 0, 0, 1, 0, 1, 0, 1, 0, 0, 1, 0, 0, 0, 0, 1, 0, 0, 0, 0, 1, 1, 1, 1, 0, 1, 1, 0, 0, 1, 0, 0, 0, 1, 1, 0, 0, 0, 0, 1, 0, 0, 0, 1, 1, 1, 0, 1, 0, 0, 1, 1, 0, 0, 0, 0, 0, 0, 0, 1, 1, 0, 1, 1, 1, 0, 0, 1, 0, 1, 1, 0, 0, 0, 1, 1, 1, 1, 1, 1, 0, 1, 0, 1, 0, 0, 1, 1, 0, 0, 0, 0, 1, 1, 1, 1, 0, 1, 0, 0, 0, 0, 1, 1, 0, 1, 1, 0, 1, 0, 0, 0, 0, 0, 0, 0, 0, 0, 1, 0, 1, 0, 1, 1, 0, 0, 0, 1, 1, 1, 0, 0, 0, 0, 0, 0, 1, 1, 1, 0, 0, 1, 0, 1, 0, 1, 0, 1, 1, 1, 0, 0, 0, 0, 1, 1, 0, 0, 0, 1, 1, 0, 0, 0, 0, 0, 0, 0, 0, 0, 0, 0, 1, 0, 1, 1, 1, 0, 1, 0, 1, 1, 0, 0, 1, 1, 1, 1, 0, 0)
X <-
structure(c(0.8769716710874642, 0.7690793118899395, 0.6744607693469173, 0.5914829879771029, 0.5187138243860864, 0.4363141448809842, 0.19037003302322447, 0.08306113816949291, 0.03624074947326358, 0.015812351616272976, -0.7898290808896073, 0.623829977018922, -0.49271905738024, 0.38916384022742867, -0.3073729182423, 0.47761368894706346, 0.22811483586962228, 0.10895076826324421, 0.05203637834382471, 0.024853286620239206, -0.02362491378176146, 0.0005581365511956624, -1.3185927900447215e-05, 3.115164097805883e-07, -7.359548322670271e-09, -0.5046382077964422, 0.2546597207680052, -0.12851102508630854, 0.06485157338163837, -0.03272658176408944, -0.580420102885053, 0.33688749583309546, -0.19553627499213314, 0.11349318484869392, -0.06587372602663126, 0.9008758549929241, 0.8115773061092321, 0.7311303995340085, 0.6586577237915181, 0.5933688400683771, -0.3710657758226882, 0.13768980998689348, -0.051091976165665146, 0.01895848377422683, -0.0070348444901053245, 0.751287532323379, 0.5644329562245523, 0.42405144284393365, 0.3185845620723873, 0.2393486094756882, -0.7851327236375838, 0.6164333937265706, -0.4839820293577014, 0.37999012890125716, -0.2983426848596406, -0.7850171306689611, 0.6162518954437287, -0.4837682947305445, 0.37976639863798833, -0.29812312858327844, -0.1310816217553893, 0.017182391562022947, -0.0022522957515860847, 0.0002952345797906774, -3.8699827517232875e-05, -0.15250611170918016, 0.023258114108652937, -0.003547004548399084, 0.0005409398718911208, -8.249663653057687e-05, 0.2254220290977016, 0.050815091202525024, 0.011454840967657956, 0.002582173493920936, 0.000582078788481959, 0.5620138097243326, 0.3158595223208583, 0.17751741347725342, 0.09976723784076078, 0.05607056542455956, -0.3845456713209523, 0.14787537333168188, -0.056864834709668056, 0.021867126037984293, -0.008408908662136547, -0.39015572124784437, 0.15222148682242564, -0.05939008398062271, 0.0231713810504299, -0.009040446886039112, 0.7742883342266067, 0.5995224245194134, 0.46420321941263315, 0.35942713750163574, 0.2783002395719791, -0.713138739266401, 0.5085668614424719, -0.36267873040175486, 0.25864025255744644, -0.1844463836323609, -0.48616024842941263, 0.23635178715294822, -0.11490484355901297, 0.05586216729039254, -0.027157965127702646, 0.59430007874491, 0.3531925835962062, 0.20990238024334354, 0.1247450011073631, 0.07413596398113977, 0.1594658250520289, 0.025429349359524282, 0.004055112176152822, 0.000646651808848738, 0.00010311886421945088, 0.10663631147273023, 0.011371302924509136, 0.0012125938005087243, 0.00012930653020095002, 1.3788771429966504e-05, -0.7236196744401436, 0.5236254332368595, -0.37890566552743543, 0.2741835943324888, -0.19840464326770396, -0.48458013668371913, 0.23481790886841192, -0.11378809437524015, 0.0551394503253338, -0.026719482375315396, -0.2393365542324929, 0.05728198619188301, -0.013709673194758517, 0.003281225942087076, -0.000785317310637386, 0.06301215263970428, 0.0039705313802893905, 0.00025019172939553077, 1.576511944186277e-05, 9.933941126538265e-07, 0.8248408348002991, 0.6803624027540544, 0.5611906922543916, 0.4628929990812701, 0.3818130477854089, 0.5441280895820892, 0.29607537787225413, 0.16110292973392482, 0.08766062938219807, 0.04769861079729899, -0.03141766726128725, 0.0009870698161409607, -3.101143104717669e-05, 9.743068219365501e-07, -3.061044754200478e-08, -0.635140782511843, 0.4034038136097563, -0.2562182138443623, 0.16273463683489497, -0.10335940458109578, 0.7975700071971028, 0.6361179163803866, 0.507348571145711, 0.40464600354012453, 0.322733515955776, -0.47252986237293493, 0.22328447083418482, -0.10550858027329095, 0.04985595491570193, -0.023558427514787882, -0.5214092418743272, 0.2718675975119607, -0.14175427790890618, 0.07391199057692546, -0.038538394972137124, 0.0006104717275596805, 3.7267573014970073e-07, 2.275079968040531e-10, 1.3888719984261258e-13, 8.478670882384629e-17, -0.3038623240460455, 0.09233231197466397, -0.028056310901165914, 0.008525255834586676, -0.002590504050984617, -0.2064618793109998, 0.04262650760862985, -0.00880074886934235, 0.0018170191509085782, -0.0003751451886406622, -0.5968923956773924, 0.35628053201749676, -0.21266114028913954, 0.12693581749467053, -0.07576702420166215, -0.33988386729267084, 0.11552104324582188, -0.03926373893207381, 0.013345111432603049, -0.004535788083164759, 0.08727431274279529, 0.00761680566472724, 0.0006647514796844999, 5.8015728534220974e-05, 5.063282836096714e-06, -0.9306728318509941, 0.8661519199455489, -0.8061040601488996, 0.7502191484253605, -0.6982085793738716, 0.5727492092440054, 0.3280416566896335, 0.18788559946808106, 0.10761132852367936, 0.06163430331763423, -0.7157878640842421, 0.5123522663702814, -0.3667355344039044, 0.26250484485476383, -0.18789778221035675, 0.4350111304833355, 0.18923468364438956, 0.08231919365880226, 0.035809765493992195, 0.015577646569884683, -0.09050267365911502, 0.008190733939448271, -0.0007412833207505245, 6.70881224668298e-05, -6.07165445401824e-06, 0.5316314416566417, 0.2826319897579192, 0.15025605217328777, 0.07988084163452054, 0.04246716699890604, -0.1828171870309292, 0.03342212387390175, -0.0061101386712259795, 0.0011170383642424332, -0.00020421381155643213, -0.9182792571242974, 0.8432367940647514, -0.774326856833654, 0.7110482908646, -0.6529408963146461, 0.5393915522786199, 0.29094324666953914, 0.1569323294460641, 0.0846479727826123, 0.04565840143645161, 0.6630334346652382, 0.43961333548398274, 0.29147833975058673, 0.19325988473535277, 0.128137765159089, 0.11720142517207299, 0.013736174062365025, 0.0016098991765208443, 0.00018868247787158965, 2.2113855311548434e-05, 0.474716030445685, 0.22535530956210853, 0.10697977799518268, 0.05078501554783377, 0.02410846098699004, 0.954373901745377, 0.9108295443326945, 0.8692719460497574, 0.8296104588293038, 0.7917585705216951, -0.3208084076594203, 0.10291803442497281, -0.03301697074331293, 0.010592121809899888, -0.0033980417315686, -0.011569485531642942, 0.0001338529954668954, -1.5486102944213146e-06, 1.7916624395460718e-08, -2.0728612671916376e-10, -0.016457737151237883, 0.00027085711213923567, -4.4576951571309045e-06, 7.336357519640648e-08, -1.2073984370575331e-09, 0.6485603962914059, 0.42063058763766553, 0.2728043406105713, 0.1769300912564078, 0.11474985010113045, 0.38241849042847287, 0.146243901821592, 0.055926372168983, 0.02138727882000344, 0.008178890880718565, 0.6307791221174432, 0.39788230089925236, 0.2509758484672988, 0.1583103253688832, 0.09985884805831095, -0.4113666235364646, 0.16922249895979138, 