y <-
c(13, 10, 6, 18, 6, 11, 12, 9, 2, 5, 2, 13, 5, 7, 12, 10, 6, 15, 3, 12, 3, 3, 12, 10, 4, 5, 4, 5, 13, 7, 15, 9, 9, 13, 4, 10, 7, 6, 15, 3, 3, 7, 10, 10, 5, 6, 6, 10, 5, 9, 6, 7, 13, 17, 17, 6, 11, 8, 8, 17, 17, 4, 5, 10, 9, 15, 3, 5, 14, 8, 11, 8, 9, 8, 8, 10, 8, 1, 8, 12, 7, 5, 13, 8, 5, 5, 7, 7, 4, 7, 5, 5, 9, 9, 9, 10, 5, 17, 11, 16, 4, 13, 11, 5, 7, 6, 4, 13, 10, 8, 5, 6, 3, 6, 6, 4, 9, 6, 19, 3, 7, 6, 3, 9, 6, 2, 13, 4, 11, 7, 4, 7, 5, 12, 7, 6, 8, 6, 5, 8, 8, 8, 10, 7, 10, 5, 5, 11, 2, 2, 18, 6, 8, 14, 6, 10, 5, 14, 11, 8, 4, 7, 4, 5, 7, 5, 7, 6, 1, 4, 3, 3, 11, 6, 5, 1, 10, 10, 2, 15, 10, 14, 5, 6, 10, 13, 3, 17, 11, 7, 7, 15, 8, 15, 13, 11, 11, 5, 3, 8, 11, 9, 4, 13, 6, 4, 9, 20, 16, 13, 9, 8, 8, 6, 10, 22, 3, 14, 5, 13, 3, 4, 9, 10, 8, 7, 14, 5, 13, 12, 9, 15, 11, 6, 3, 8, 11, 3, 11, 3, 2, 8, 9, 4, 10, 6, 10, 9, 6, 10, 7, 3, 4, 5, 4, 11, 9, 4, 14, 22, 22, 9, 7, 4, 12, 17, 8, 6, 6, 6, 10, 10, 5, 8, 9, 9, 10, 1, 12, 12, 6, 9, 11, 5, 9, 2, 6, 16, 6, 9, 9, 8, 5, 10, 9, 12, 3, 8, 6, 15, 5, 8, 5, 8, 8, 4, 22, 11, 12, 2, 17, 3, 10, 9, 9, 7, 9, 10, 9, 8, 8, 10, 1, 12, 12, 8, 5, 17, 4, 14, 12, 9, 4, 5, 2, 5, 11, 8, 10, 11, 10, 5, 12, 9, 3, 5, 2, 7, 2, 12, 12, 4, 9, 16, 10, 8, 10, 5, 1, 10, 7, 9, 7, 5, 4, 6, 7, 8, 6, 9, 10, 8, 10, 4, 6, 5, 2, 3, 8, 7, 10, 11, 21, 17, 6, 6, 7, 7, 6, 5, 3, 14, 7, 5, 5, 8, 10, 0, 11, 9, 4, 6, 10, 15, 6, 16, 5, 9, 7, 23, 14, 4, 14, 6, 5, 4, 11, 7, 9, 6, 6, 9, 3, 17, 13, 5, 10, 3, 6, 10, 5, 12, 14, 16, 1, 4, 8, 12, 5, 21, 6, 2, 4, 13, 6, 5, 12, 9, 10, 4, 10, 0, 6, 8, 5, 15, 8, 13, 11, 5, 9, 6, 8, 9, 11, 5, 9, 11, 10, 4, 2, 6, 8, 8, 5, 7, 5, 5, 16, 7, 7, 8, 5, 6, 3, 6, 8, 5, 5, 26, 14, 10, 16, 11, 8, 11, 12, 2, 12, 11)
X <-
structure(c(0.8769716710874642, 0.7690793118899395, 0.6744607693469173, 0.1661891063173595, 0.02761881905856262, 0.004589946856883378, 0.34561809605134486, 0.11945186831815664, 0.04128472729789726, -0.580420102885053, 0.33688749583309546, -0.19553627499213314, -0.3710657758226882, 0.13768980998689348, -0.051091976165665146, -0.7851327236375838, 0.6164333937265706, -0.4839820293577014, -0.592664850395721, 0.3512516248945824, -0.20817449171940158, 0.4921616335985719, 0.24222307358641493, 0.11921290359155706, -0.9440185787089158, 0.8911710769476014, -0.8412820534465686, -0.3845456713209523, 0.14787537333168188, -0.056864834709668056, 0.02820821033134413, 0.0007957031300973497, 2.2445361255094923e-05, 0.9690942984736104, 0.939143759334059, 0.9101188626177091, 0.59430007874491, 0.3531925835962062, 0.20990238024334354, -0.36246649323595614, 0.13138195871877145, -0.04762155785126424, 0.0050618613303266, 2.562244012745578e-05, 1.2969723886977696e-07, -0.48458013668371913, 0.23481790886841192, -0.11378809437524015, -0.45329644483676845, 0.20547766690165348, -0.09314229589987325, -0.06428392116372339, 0.004132422520183804, -0.0002656483235026908, 0.037069375248610203, 0.0013741385813222748, 5.093845871462827e-05, -0.47252986237293493, 0.22328447083418482, -0.10550858027329095, 0.7456862610434267, 0.5560479999089255, 0.41463735401276236, 0.23582687707669625, 0.055614315951747206, 0.013115350451657235, 0.3087618586390837, 0.0953338853502615, 0.029435467632032048, -0.09562985795744128, 0.009145069732960394, -0.0008745417195738979, 0.5727492092440054, 0.3280416566896335, 0.18788559946808106, 0.4350111304833355, 0.18923468364438956, 0.08231919365880226, -0.18939112792147184, 0.03586899933536731, -0.006793270241539738, 0.7624762242533989, 0.5813699925517194, 0.44328079681506166, -0.8336521460181496, 0.6949759005606663, -0.5793681509332956, 0.32096520699700704, 0.10301866410263158, 0.03306540684825628, -0.36366341322430107, 0.13225107811794876, -0.04809487847096692, -0.9178943331068906, 0.8425300067497434, -0.7733535186680998, 0.7279859020406323, 0.529963473569913, 0.38580593735537994, -0.6395817804169064, 0.40906485384125985, -0.26163042752577453, -0.4113666235364646, 0.16922249895979138, -0.06961248802349228, -0.21640713820746815, 0.046832049467146225, -0.010134789801575698, 0.2865710047283705, 0.08212294075102775, 0.02353405364227046, 0.3347642686170187, 0.11206711554268745, 0.03751606597066669, -0.9115100383711342, 0.8308505500513466, -0.7573286167579809, 0.39167330119940624, 0.15340797487244082, 0.06008580794860446, -0.18471179990340714, 0.03411844902355632, -0.006302080129053731, -0.2490710771736282, 0.06203640148443145, -0.015451473341703008, 0.9910075772677789, 0.9820960182021528, 0.9732645956428478, 0.08060018389095358, 0.006496389643255533, 0.0005236101998736823, 0.37874003619497776, 0.14344401501697307, 0.05432799143948131, 0.9433575221936903, 0.8899234146794188, 0.8395159474141245, -0.1005548921635937, 0.010111286338031957, -0.0010167393073560217, -0.5612852136932911, 0.3150410911107234, -0.17682790614625, -0.8278934048483301, 0.685407489791361, -0.5674443404319169, -0.4328677157064078, 0.1873744593008835, -0.08110835417929672, -0.9484497241520679, 0.8995568792441336, -0.8531844739781935, 0.6709475096787725, 0.45017056074414646, 0.3020408166619816, -0.9679712640333589, 0.9369683679943386, -0.9069584555267532, 0.37359035952425135, 0.13956975672945937, 0.052141915595271024, -0.7450639158838879, 0.5551202387522332, -0.4136000588711376, 0.6404266222737216, 0.4101462585169281, 0.2626685829802009, -0.40614981433790365, 0.1649576716867136, -0.0669975277291716, -0.794922799041197, 0.6319022564354912, -0.5023135104061489, 0.5329876848668516, 0.28407587221972624, 0.15140894146092343, 0.1885762094601775, 0.03556098677436874, 0.006705956090573961, 0.23882390676944332, 0.057036858444619754, 0.013621765363599804, -0.8147944873535661, 0.6638900566217606, -0.5409339583442574, -0.004306102343986207, 1.8542517396883505e-05, -7.984597762612508e-08, -0.22317605893739545, 0.04980755328282781, -0.011115853446975844, 0.1204886438148205, 0.014517513288334682, 0.001749195487675081, -0.3895286356562109, 0.15173255799618907, -0.05910417630088242, 0.3417911377707672, 0.11682118185863556, 0.039928444663188754, 0.36889326466471917, 0.13608224071499453, 0.0501998220402445, 0.9885444282623106, 0.9772200866484585, 0.966025471842346, -0.7382929648706666, 0.5450765019775194, -0.4024261467263146, -0.06288119657327551, 0.0039540448824869154, -0.0002486350735152138, 0.8148382287826796, 0.6639613390856945, 0.5410210815207636, 0.9197766553148592, 0.8459890956621893, 0.7781210208410109, -0.11132199390497588, 0.012392586326979487, -0.001379567419558898, 0.9921713393771718, 0.9844039666814911, 0.9766974021105759, 0.5199231331764671, 0.2703200644120343, 0.1405456548495693, -0.1818670377324173, 0.033075619413564496, -0.0060153649239098085, 0.05724178763236565, 0.0032766222513488487, 0.00018755971506319462, 0.5057430060086299, 0.25577598812664504, 0.12935691709999708, -0.5755661099677372, 0.3312763469433933, -0.19067143833453137, 0.6839488767178745, 0.4677860659636423, 0.3199417543601067, 0.6698810372547104, 0.4487406040734467, 0.30060282131502575, -0.4608236270168945, 0.2123584152170059, -0.09785977512786034, -0.33010342083354205, 0.10896826844600656, -0.03597079817633449, -0.3962744968382673, 0.15703347684442193, -0.062228362023287, 0.19612471892811634, 0.03846490537463264, 0.007543918755196418, -0.825680140875509, 0.6817476950362004, -0.5629055328790434, -0.804738715853323, 0.6476044007932553, -0.521152333875325, 0.21078682417407024, 0.044431085245390405, 0.009365487353483234, 0.11017402516443564, 0.012138315820933698, 0.0013373271127094166, -0.9980065318888807, 0.9960170376928714, -0.9940315094900991, -0.4080899418777484, 0.16653740066178405, -0.06796223815653875, 0.2503763537539012, 0.06268831851909869, 0.01569567261377509, -0.6163709298744332, 0.37991312319427345, -0.23416740501475442, 0.7108945553828645, 0.5053710688730007, 0.3592655413098348, -0.896228339092637, 0.8032252357927467, -0.7198732189918251, -0.6538789925321906, 0.4275577368749126, -0.2795710222371113, -0.9728324560744647, 0.9464029875918752, -0.9206915428552152, -0.7159634714819764, 0.5126036924965228, -0.36700551917429, 0.48293687660832485, 0.23322802678820437, 