N_location <- 5
location <-
c(5, 1, 3, 3, 2, 3, 2, 1, 3, 3, 5, 1, 2, 3, 1, 2, 5, 1, 1, 3, 4, 5, 1, 2, 5, 4, 4, 2, 2, 4, 3, 4, 3, 4, 3, 5, 1, 3, 4, 4, 1, 4, 3, 4, 1, 2, 1, 3, 4, 3, 5, 2, 4, 3, 4, 2, 5, 4, 3, 3, 4, 5, 3, 2, 4, 5, 2, 1, 3, 5, 3, 5, 2, 1, 5, 2, 1, 4, 1, 5, 1, 1, 2, 2, 4, 3, 1, 2, 5, 4, 1, 1, 4, 4, 5, 1, 5, 1, 1, 5, 4, 4, 4, 5, 1, 5, 4, 4, 4, 4, 2, 3, 3, 1, 5, 3, 1, 1, 2, 4, 4, 4, 3, 4, 4, 1, 5, 1, 4, 4, 1, 4, 1, 3, 2, 5, 2, 1, 2, 3, 2, 4, 3, 4, 1, 5, 2, 4, 4, 3)
y <-
c(0, 0, 0, 0, 1, 0, 0, 0, 1, 0, 1, 1, 1, 0, 1, 0, 1, 0, 1, 0, 0, 0, 0, 1, 1, 1, 0, 1, 1, 1, 0, 1, 1, 1, 0, 0, 1, 0, 0, 1, 0, 0, 1, 1, 0, 0, 1, 0, 1, 0, 0, 0, 1, 0, 1, 1, 1, 1, 0, 0, 1, 1, 0, 1, 1, 1, 1, 0, 0, 1, 0, 0, 1, 0, 1, 1, 1, 1, 0, 1, 0, 0, 0, 0, 1, 0, 0, 1, 0, 0, 1, 1, 1, 0, 0, 0, 0, 0, 1, 0, 1, 1, 0, 1, 1, 0, 1, 1, 1, 1, 1, 0, 0, 0, 1, 1, 0, 0, 1, 1, 1, 1, 0, 1, 1, 1, 1, 1, 1, 1, 1, 1, 1, 0, 0, 0, 1, 1, 0, 0, 1, 1, 0, 1, 1, 1, 1, 1, 1, 0)
x <-
c(-0.0870447733839278, -0.7898290808896073, 0.1661891063173595, 0.34561809605134486, -0.580420102885053, -0.10859957120360952, 0.10574252581869126, -0.7851327236375838, -0.592664850395721, 0.4921616335985719, 0.2254220290977016, -0.08035839298312641, 0.14048864137475525, 0.7742883342266067, 0.9690942984736104, -0.13375734980363962, 0.1594658250520289, -0.3985147617162529, 0.848867587280745, -0.2393365542324929, 0.7977836451536946, -0.7620786770893103, -0.03141766726128725, -0.5631584433985996, -0.6985311629593745, -0.5214092418743272, 0.7456862610434267, 0.23582687707669625, -0.5968923956773924, -0.20970371274022348, -0.3444827737405517, 0.5727492092440054, 0.07039501893053379, 0.04894254180093238, 0.5316314416566417, 0.5968430095019279, -0.8336521460181496, 0.6630334346652382, 0.9288516602857237, 0.6134574929053636, -0.3208084076594203, -0.985004456113271, -0.9728913231141184, 0.38241849042847287, 0.5244577234160919, 0.9747899080775362, 0.14150866780883886, 0.2865710047283705, 0.9115336846522506, 0.3377004503469163, 0.19491936208823013, 0.419959351474654, -0.09951870635087079, 0.6698755163742669, -0.9901094972851764, 0.48987419164235724, -0.6855388008786072, -0.7583534201692763, 0.49507052943858576, 0.48392037191295634, 0.44436707823330934, -0.6463922493111964, -0.92264297946696, 0.20204089459754382, -0.8278934048483301, 0.005216879047756917, -0.8504317892422592, 0.19788483112030453, 0.6709475096787725, 0.6064094566512914, 0.877579077832308, -0.21868885625490997, 0.17620963563864533, -0.5267489297783039, -0.31742813126129066, -0.34989906106671287, 0.8594487765396921, 0.21521888138205925, 0.1885762094601775, 0.23882390676944332, -0.6746826730774296, 0.6301443214492926, -0.9291086913567723, -0.72488850743529, -0.5589468470166572, 0.005444357389684074, 0.3417911377707672, 0.36889326466471917, 0.8205576895586966, 0.9885444282623106, -0.47848963604779393, -0.8839696711028887, 0.988990179753469, 0.8148382287826796, 0.9197766553148592, -0.11132199390497588, 0.9921713393771718, 0.5199231331764671, 0.7033722356380951, 0.7427683229921738, 0.02412393320103101, 0.3728852188531908, 0.7132045241704159, -0.5880913467034026, 0.5353999687565478, -0.19678780852060374, 0.6720596178421412, 0.06645890032661406, -0.33010342083354205, 0.7828482051030479, 0.13397284202355175, 0.9564738926742016, 0.14095500024134755, -0.4601515846201387, 0.06411350030161489, -0.8691242657344261, -0.7849616303605494, -0.6811289771353324, 0.6249320952893049, 0.41211038243095066, 0.7419196124212288, 0.833734541060948, 0.595303531361792, 0.10812708144026306, -0.6163709298744332, 0.8876474929683305, 0.6141099067467506, -0.9738548694884026, 0.0818498949702322, -0.311645971053072, -0.8224687104729512, 0.2579938025155417, 0.03394840421134737, -0.14969116862557852, 0.38747031116972064, 0.6707614723991076, 0.944717579169996, -0.7556570139650736, 0.233945713434057, 0.3439622463568828, 0.8726203269536366, -0.8315579255642284, 0.47431662529298557, 0.44157574697188773, 0.5442059705041877, -0.01458413771085243, -0.886006911376768, -0.6936416894445128, -0.7656187880054189, -0.5925187174960085)
N_method <- 4
method <-
c(2, 3, 3, 3, 1, 4, 3, 2, 1, 4, 1, 4, 4, 2, 1, 3, 2, 3, 1, 2, 3, 2, 2, 1, 3, 2, 3, 2, 1, 2, 2, 2, 1, 4, 4, 2, 1, 1, 3, 2, 3, 2, 4, 1, 4, 3, 2, 3, 1, 2, 3, 3, 4, 3, 4, 4, 2, 4, 3, 1, 4, 4, 3, 1, 1, 4, 4, 2, 3, 4, 3, 3, 1, 2, 4, 1, 1, 3, 3, 4, 2, 3, 2, 2, 3, 2, 2, 2, 4, 3, 4, 1, 2, 3, 3, 2, 4, 2, 4, 2, 1, 2, 3, 1, 4, 4, 1, 3, 1, 1, 4, 2, 4, 2, 4, 4, 3, 3, 1, 3, 1, 2, 1, 3, 3, 2, 4, 4, 1, 3, 4, 1, 4, 3, 3, 4, 4, 1, 3, 3, 2, 2, 2, 4, 1, 2, 1, 2, 4, 2)
N <- 150
