N <- 10
y <- 
c(2.15521007587661, 6.43886756743496, 7.18626701212371, -0.380169822055181, 3.24820360420883,
4.97071906719708, 10.7423239790515, 6.36377939503789, 3.91853524227355, 10.7892243079217)
sigma <- 0.1
