N <- 10
y <- 
c(23.1945328327253, -7.44774542739476, 1.79894984869867, -4.28338938755198, 16.7444880567931,
-1.61120618660333, 24.58019066711, -2.54513480480422, 18.7579175522822, 11.0012061828886)
sigma <- 10
